STATEFIPS,STATE,zipcode,Returns_pct1,Returns_pct2,Returns_pct3,Returns_pct4,Returns_pct5,Returns_pct6,total
36,NY,6390,26.67,13.33,33.33,0,26.67,0,150
36,NY,10001,25.76,17.22,13.43,9.71,17.77,16.12,14520
36,NY,10002,50.21,19.46,11.4,6.42,8.58,3.91,42180
36,NY,10003,17.55,13.5,13.82,11.24,21.98,21.91,28660
36,NY,10004,14.52,10.08,11.69,8.47,20.97,34.27,2480
36,NY,10005,11.62,12.63,14.48,11.11,22.9,27.27,5940
36,NY,10006,13.08,12.24,13.92,10.55,26.16,24.05,2370
36,NY,10007,13.66,9.3,8.14,6.1,17.15,45.64,3440
36,NY,10009,29.5,20.55,16.91,11.05,15.52,6.48,32410
36,NY,10010,14.75,13.13,14.69,11.41,23.1,22.93,17360
36,NY,10011,17.11,12.3,12.2,10.46,22.96,24.97,29920
36,NY,10012,19.17,13.95,13.87,10.75,21.89,20.37,12470
36,NY,10013,28.51,13.79,10.91,7.76,13.59,25.44,14940
36,NY,10014,14.84,11.58,12.49,10.93,24.87,25.29,18660
36,NY,10016,16.19,14.56,16.19,11.96,21.7,19.41,31940
36,NY,10017,15.36,11.65,12.57,10.55,22.36,27.51,11850
36,NY,10018,22.38,15.96,12.83,9.08,18.78,20.97,6390
36,NY,10019,19.59,14.54,14.18,10.12,21.51,20.07,25110
36,NY,10021,14.7,11.05,13.39,10.71,20.78,29.37,23530
36,NY,10022,13.96,10.74,11.69,10.13,22.58,30.9,19840
36,NY,10023,17.35,11.51,10.92,9.66,22.34,28.24,34070
36,NY,10024,18.78,11.81,11.74,9.4,20.09,28.18,30410
36,NY,10025,27.38,17.12,13.57,9.19,16.36,16.38,45610
36,NY,10026,38.25,23.67,14.14,7.82,10.42,5.71,18040
36,NY,10027,42.27,24.25,12.62,6.73,8.94,5.19,27180
36,NY,10028,15.62,11.39,14.86,11.75,21.12,25.26,25100
36,NY,10029,47.32,26.7,13.18,5.36,5.08,2.37,35060
36,NY,10030,47.62,26.56,13.28,5.94,5.14,1.47,13630
36,NY,10031,47.17,27.06,13.67,5.66,5.15,1.3,29340
36,NY,10032,49.11,26.66,13.04,5.19,4.85,1.16,29300
36,NY,10033,47.53,24.43,12.63,5.87,7.2,2.34,26930
36,NY,10034,46.18,24.23,14.05,6.9,7.1,1.54,20140
36,NY,10035,46.53,25.71,12.89,6.01,6.74,2.12,15130
36,NY,10036,23.93,16.88,13.78,10.26,20.3,14.85,18720
36,NY,10037,36.75,26.12,17.57,9.5,8.74,1.33,10530
36,NY,10038,28.45,15.96,13.15,9.26,18.11,15.05,12090
36,NY,10039,47.03,27.09,13.62,5.79,5.19,1.28,13290
36,NY,10040,45.96,25.16,13.94,6.53,6.62,1.78,21300
36,NY,10044,27,17.37,15.02,10.33,19.25,11.03,4260
36,NY,10065,14.89,12.99,13.12,10.2,20.53,28.26,15780
36,NY,10069,12.8,9,8.3,6.57,20.07,43.25,2890
36,NY,10075,15.34,11.36,13.92,11.08,22.09,26.21,14080
36,NY,10119,17.24,10.34,10.34,0,17.24,44.83,290
36,NY,10128,17.88,13.05,14.93,10.93,19.73,23.49,32950
36,NY,10162,13.33,6.67,8,8,25.33,38.67,750
36,NY,10165,0,40,0,0,20,40,100
36,NY,10170,18.52,11.11,14.81,0,18.52,37.04,270
36,NY,10280,11.43,8.57,10.95,9.52,27.14,32.38,4200
36,NY,10282,9.52,6.06,5.63,5.63,15.58,57.58,2310
36,NY,10301,35.9,21.63,15.04,9.29,13.44,4.7,18080
36,NY,10302,39.85,23.02,14.36,9.03,11.88,1.86,8080
36,NY,10303,43.39,24.16,13.97,8.38,9.37,0.74,12170
36,NY,10304,41.78,22.41,12.17,7.71,11.41,4.51,19720
36,NY,10305,34.72,21.5,14.72,10.57,15.44,3.06,19300
36,NY,10306,30.74,19.11,15.01,11.18,19.08,4.88,26840
36,NY,10307,27.54,16.77,13.08,10.92,22.62,9.08,6500
36,NY,10308,27.75,17.62,14.46,12.48,22.47,5.21,13620
36,NY,10309,27.33,17,13.87,11.27,23.13,7.4,15000
36,NY,10310,38.13,20.33,13,9.34,15.36,3.84,11460
36,NY,10312,26.89,17.89,14.51,11.91,22.75,6.06,29230
36,NY,10314,30.27,20,14.83,11.27,19.12,4.52,40740
36,NY,10451,52.51,28.21,11.72,4.38,2.96,0.21,23290
36,NY,10452,58.98,26.88,9.92,2.65,1.52,0.06,36200
36,NY,10453,61.91,25.77,8.4,2.39,1.44,0.08,37600
36,NY,10454,61.49,26.33,8.33,2.21,1.52,0.13,15840
36,NY,10455,57.93,27.56,10.01,2.81,1.69,0,17780
36,NY,10456,60.71,27.16,8.44,2.38,1.31,0,40390
36,NY,10457,61.12,25.92,8.65,2.75,1.44,0.12,32720
36,NY,10458,57.75,26.54,10.11,3.26,2.21,0.12,34320
36,NY,10459,57.71,27.87,9.35,3.1,1.97,0,21280
36,NY,10460,58.12,27.47,9.16,3.18,1.95,0.12,25120
36,NY,10461,35.62,25.78,17.27,9.46,10.5,1.37,24090
36,NY,10462,40.7,27.61,17.59,7.87,5.82,0.4,39510
36,NY,10463,36.51,22.45,15.09,9.07,12.64,4.24,33940
36,NY,10464,25.81,18.43,16.59,12.44,19.35,7.37,2170
36,NY,10465,31.52,22.39,16.9,11.07,15.48,2.64,19700
36,NY,10466,45.02,28.68,13.47,6.57,5.89,0.37,32740
36,NY,10467,49.6,28.54,13.06,4.93,3.65,0.22,44640
36,NY,10468,56.7,26.28,10.63,3.79,2.44,0.17,35660
36,NY,10469,41.02,26.97,15.06,7.87,8.17,0.92,32670
36,NY,10470,37.08,25.33,16.06,8.75,10.97,1.83,7660
36,NY,10471,23.44,16.39,16.29,12.21,20.85,10.82,10070
36,NY,10472,56.06,27.01,10.42,3.84,2.49,0.17,28880
36,NY,10473,45.61,27.66,14.12,6.56,5.63,0.43,27910
36,NY,10474,58.22,27.92,9.7,2.77,1.39,0,5050
36,NY,10475,32.43,28.52,20.54,10.66,7.46,0.39,22790
36,NY,10501,27.14,12.86,10,8.57,20,21.43,700
36,NY,10502,22.89,10.21,8.45,8.1,22.18,28.17,2840
36,NY,10503,0,33.33,0,16.67,25,25,120
36,NY,10504,20.38,8.07,6.79,5.52,15.29,43.95,4710
36,NY,10505,31.34,16.42,10.45,5.97,17.91,17.91,670
36,NY,10506,25.18,8.16,7.09,5.32,16.31,37.94,2820
36,NY,10507,30.45,20.3,12.03,7.89,15.79,13.53,2660
36,NY,10509,29.32,17.77,12.95,10.24,20.98,8.73,9960
36,NY,10510,21.64,10.29,7.98,6.51,20.8,32.77,4760
36,NY,10511,28.45,18.1,13.79,11.21,21.55,6.9,1160
36,NY,10512,26.78,17.83,14.39,11.27,22.62,7.11,12510
36,NY,10514,22.2,7.28,5.78,4.48,14.74,45.52,5360
36,NY,10516,25.18,15.69,12.41,10.58,23.72,12.41,2740
36,NY,10517,25,18.18,13.64,13.64,20.45,9.09,440
36,NY,10518,27.03,12.16,8.11,6.76,21.62,24.32,740
36,NY,10519,25,21.43,10.71,10.71,21.43,10.71,280
36,NY,10520,24.03,13.8,12.25,9.92,21.86,18.14,6450
36,NY,10522,21.95,14.12,13.55,10.11,20.8,19.47,5240
36,NY,10523,30.37,21.28,15.29,10.54,17.36,5.17,4840
36,NY,10524,24.77,14.02,12.15,9.81,23.83,15.42,2140
36,NY,10526,24.24,13.13,11.11,8.08,22.22,21.21,990
36,NY,10527,20.45,11.36,9.09,6.82,27.27,25,440
36,NY,10528,26.1,15.42,12.88,9.15,16.78,19.66,5900
36,NY,10530,19.75,13.4,14.78,12.15,25.55,14.36,7240
36,NY,10532,22.69,15.38,13.46,9.23,26.92,12.31,2600
36,NY,10533,21.07,10.67,10.13,8.8,20,29.33,3750
36,NY,10535,30.95,23.81,16.67,9.52,14.29,4.76,420
36,NY,10536,25.9,10.67,8.19,6.29,19.24,29.71,5250
36,NY,10537,28.8,22.4,15.2,12.8,17.6,3.2,1250
36,NY,10538,20.62,9.44,8.94,6.58,16.27,38.14,8050
36,NY,10541,27.44,15.93,12.54,10.25,25,8.83,12680
36,NY,10543,28.06,16.14,12.23,8.63,17.88,17.06,9730
36,NY,10545,78.95,21.05,0,0,0,0,190
36,NY,10546,22.22,9.72,8.33,9.72,22.22,27.78,720
36,NY,10547,28.53,17.93,13.86,9.78,22.55,7.34,3680
36,NY,10548,26.42,16.98,14.47,10.69,23.9,7.55,1590
36,NY,10549,31.99,17.34,10.99,7.08,14.77,17.83,8190
36,NY,10550,44.96,29.12,13.64,6.3,5.61,0.37,19060
36,NY,10552,27.59,20.9,17.51,11.18,16.77,6.05,10910
36,NY,10553,35.76,27.8,15.25,8.81,10.85,1.53,5900
36,NY,10560,23.83,14.02,10.75,8.88,21.03,21.5,2140
36,NY,10562,30.7,20.4,13.62,9.54,17.33,8.41,15930
36,NY,10566,36.6,24.02,14.3,8.91,13.32,2.86,12240
36,NY,10567,24.97,14.68,11.42,9.89,25.18,13.86,9810
36,NY,10570,24.67,12.42,9.77,7.62,20.2,25.33,6040
36,NY,10573,35.79,22.82,12.71,7.04,11.65,10.01,18890
36,NY,10576,22.89,9.24,8.03,6.43,20.48,32.93,2490
36,NY,10577,27.1,9.03,8.39,5.16,11.61,38.71,1550
36,NY,10578,26.19,16.67,11.9,7.14,30.95,7.14,420
36,NY,10579,23.09,15.24,13.16,11.78,25.64,11.09,4330
36,NY,10580,24.22,9.24,7.87,5.87,14.73,38.08,8010
36,NY,10583,21.41,9.13,8.38,6.73,17.51,36.84,18730
36,NY,10588,25.93,15.56,15.56,10.37,23.7,8.89,1350
36,NY,10589,19.65,12.66,13.97,12.66,25.98,15.07,4580
36,NY,10590,23.13,11.56,10,8.44,23.13,23.75,3200
36,NY,10591,29.94,20.27,11.84,8.76,16.01,13.18,11990
36,NY,10594,25.1,14.51,11.76,9.8,23.53,15.29,2550
36,NY,10595,23.75,13.13,13.13,9.38,24.06,16.56,3200
36,NY,10596,30.23,22.09,17.44,11.63,16.28,2.33,860
36,NY,10597,24,12,6,4,14,40,500
36,NY,10598,24.59,13.46,11.54,9.07,26.44,14.9,14560
36,NY,10601,28.93,19.83,13.88,9.42,16.36,11.57,6050
36,NY,10603,28.18,20.16,15.85,10.73,17.75,7.32,9970
36,NY,10604,30.36,19.64,13.21,9.11,15.89,11.79,5600
36,NY,10605,24.26,14.65,12.08,8.91,20.89,19.21,10100
36,NY,10606,36.59,23.19,12.44,7.49,12.44,7.85,8280
36,NY,10607,27.3,18.36,13.4,9.43,19.85,11.66,4030
36,NY,10701,42.49,25.26,13.72,7.54,9.17,1.81,28780
36,NY,10703,36.18,24.44,14.66,9.49,13.16,2.07,10640
36,NY,10704,28.5,22.56,18.02,11.43,16.37,3.12,16980
36,NY,10705,43.49,25.72,13.34,6.92,8.32,2.22,18510
36,NY,10706,21.51,12.42,10.64,9.31,21.29,24.83,4510
36,NY,10707,24.62,14.42,13.27,10,22.12,15.58,5200
36,NY,10708,20.67,12.63,13.6,10.69,20.94,21.47,11320
36,NY,10709,24.33,13.4,12.78,9.69,21.86,17.94,4850
36,NY,10710,25.37,19.56,15.88,12.19,21.19,5.81,14110
36,NY,10801,37.16,21.83,13.81,8.83,13.16,5.2,18460
36,NY,10803,22.17,12.83,10.17,8,16.83,30,6000
36,NY,10804,21.05,9.18,9.46,6.92,20.76,32.63,7080
36,NY,10805,30.91,22.23,17.35,11.28,14.43,3.8,9220
36,NY,10901,28.61,17.24,12.51,9.45,20.3,11.9,11430
36,NY,10913,26.15,13.46,10.77,9.62,23.46,16.54,2600
36,NY,10914,22.86,20,14.29,8.57,25.71,8.57,350
36,NY,10915,36.84,26.32,21.05,0,15.79,0,190
36,NY,10916,27.4,15.07,12.79,10.05,26.03,8.68,2190
36,NY,10917,31.68,15.84,13.86,8.91,20.79,8.91,1010
36,NY,10918,28.07,17.37,13.86,11.75,22.11,6.84,5700
36,NY,10919,29.51,22.95,11.48,11.48,19.67,4.92,610
36,NY,10920,26.89,16.22,12.22,10.89,24.67,9.11,4500
36,NY,10921,28.17,18.31,15.02,10.8,22.07,5.63,2130
36,NY,10922,25.61,17.07,15.85,14.63,21.95,4.88,820
36,NY,10923,33.06,21.56,15.2,9.86,16.43,3.9,4870
36,NY,10924,28.48,16.83,13.27,9.87,22.65,8.9,6180
36,NY,10925,29.63,19.75,15.23,12.35,19.34,3.7,2430
36,NY,10926,28.95,20.53,16.32,11.58,17.89,4.74,1900
36,NY,10927,48.61,26.51,10.8,5.56,6.55,1.96,6110
36,NY,10928,32.89,26.22,16,9.33,12.89,2.67,2250
36,NY,10930,28.31,14.85,12.06,10.21,25.52,9.05,4310
36,NY,10931,35.29,23.53,13.73,11.76,15.69,0,510
36,NY,10932,31.58,21.05,15.79,10.53,21.05,0,190
36,NY,10933,31.82,18.18,9.09,13.64,27.27,0,220
36,NY,10940,36.73,24.93,14.24,9.29,12.88,1.94,24230
36,NY,10941,31.19,24.89,15.16,10.59,15.31,2.86,6990
36,NY,10950,37.74,18.18,10.75,8.46,18.47,6.4,17490
36,NY,10952,43.77,19.51,9.26,6.48,12.46,8.52,12200
36,NY,10953,25,15,25,0,25,10,200
36,NY,10954,28.59,18.17,13.49,10.66,21.49,7.59,12380
36,NY,10956,25.74,13.65,10.96,8.77,25.05,15.84,15970
36,NY,10958,30.43,18.01,14.29,11.18,21.12,4.97,1610
36,NY,10960,29.84,18.99,13.18,9.43,18.22,10.34,7740
36,NY,10962,25.59,14.57,12.6,9.84,23.23,14.17,2540
36,NY,10963,30.83,20,14.17,12.5,20,2.5,1200
36,NY,10964,22.67,14.67,12,8,18.67,24,750
36,NY,10965,24.97,15.08,13.05,9.89,25.6,11.41,7890
36,NY,10968,19.53,14.84,14.84,11.72,23.44,15.63,1280
36,NY,10969,30.77,24.62,12.31,10.77,15.38,6.15,650
36,NY,10970,28.74,20.31,14.56,10.34,19.16,6.9,5220
36,NY,10973,31.58,17.54,12.28,11.4,21.93,5.26,1140
36,NY,10974,29.49,18.59,13.46,10.26,20.51,7.69,1560
36,NY,10975,29.41,23.53,23.53,11.76,11.76,0,170
36,NY,10976,37.65,20,11.76,8.24,14.12,8.24,850
36,NY,10977,45.54,25.2,10.56,6.25,9.33,3.12,24330
36,NY,10979,40,0,30,0,30,0,100
36,NY,10980,28.43,18.25,13.86,9.9,21.64,7.92,7070
36,NY,10983,23.83,14.43,12.08,9.73,27.18,12.75,2980
36,NY,10984,23.7,17.78,14.07,11.11,25.19,8.15,1350
36,NY,10985,26.67,26.67,13.33,13.33,20,0,150
36,NY,10986,27.66,18.09,10.64,11.7,21.28,10.64,940
36,NY,10987,31.75,11.64,11.11,8.47,21.16,15.87,1890
36,NY,10988,33.33,30.56,13.89,11.11,11.11,0,360
36,NY,10989,23.81,16.67,14.09,12.1,24.6,8.73,5040
36,NY,10990,29.11,16.45,12.05,10.62,22.37,9.4,9790
36,NY,10992,28.96,17.76,12.68,10.99,23.04,6.55,4730
36,NY,10993,38.74,26.88,14.23,8.7,10.67,0.79,2530
36,NY,10994,25.32,13.7,12.14,9.82,23.26,15.76,3870
36,NY,10996,29.36,11.01,15.6,16.51,22.94,4.59,1090
36,NY,10998,27.1,17.42,14.19,12.26,23.87,5.16,1550
36,NY,11001,27.76,17.16,12.98,10.53,22.28,9.3,13870
36,NY,11003,34.4,26.02,15.39,10.05,12.43,1.71,23980
36,NY,11004,29.39,19.44,15.79,12.57,19.44,3.36,6840
36,NY,11005,14.48,10.34,13.79,13.79,30.34,17.24,1450
36,NY,11010,27.8,18.17,14.85,11.53,22.43,5.21,12660
36,NY,11020,28.85,14.75,9.18,6.56,17.7,22.95,3050
36,NY,11021,22.93,13.89,12.81,10.01,20.24,20.13,9290
36,NY,11023,24.87,13.57,10.55,8.04,19.35,23.62,3980
36,NY,11024,30.38,13.61,9.49,6.65,14.87,25,3160
36,NY,11030,21.89,8.96,8.61,6.52,15.95,38.07,8590
36,NY,11040,25.94,16.09,12.95,10.23,24.11,10.69,21320
36,NY,11042,21.74,17.39,10.87,8.7,19.57,21.74,460
36,NY,11050,27.41,13.77,10.38,7.85,17.96,22.62,15030
36,NY,11096,48.78,24.39,11.95,7.07,6.83,0.98,4100
36,NY,11101,30.92,19.37,14.79,9.77,16.84,8.31,18530
36,NY,11102,35.43,23.38,17.45,9.87,11.43,2.44,19250
36,NY,11103,34.04,24.39,19.49,9.79,10.42,1.87,20830
36,NY,11104,34.61,22.9,17.27,10.39,12.11,2.71,15110
36,NY,11105,32.54,23.03,18.35,10.32,12.51,3.25,19670
36,NY,11106,34.96,23.26,17.96,10.05,11.47,2.29,21880
36,NY,11109,10.11,8.43,11.24,11.52,31.18,27.53,3560
36,NY,11201,18.45,12.89,13.48,11.23,22.21,21.74,31970
36,NY,11203,42.66,29.4,14.62,7.12,5.67,0.53,37760
36,NY,11204,50.03,22.86,11.2,6.08,7.32,2.5,33200
36,NY,11205,37.29,22.64,14.38,8.52,11.72,5.43,18770
36,NY,11206,47.57,27.4,13.51,5.86,4.74,0.9,36490
36,NY,11207,51.62,28.19,11.49,4.96,3.47,0.28,43530
36,NY,11208,53.83,27.97,10.95,4.14,2.91,0.2,44010
36,NY,11209,32.1,19.23,16.3,11.2,15.48,5.69,34110
36,NY,11210,39.29,25.76,14.35,7.57,8.99,4.04,29470
36,NY,11211,32.5,21.71,16.09,9.95,13.54,6.2,30950
36,NY,11212,53.87,28.02,11.1,4.22,2.68,0.1,38370
36,NY,11213,45.9,28.91,13.69,5.73,4.71,1.06,29300
36,NY,11214,48.21,23.4,12.07,7.12,7.66,1.54,40860
36,NY,11215,19.19,16.37,15.88,11.27,20.74,16.55,32930
36,NY,11216,35.87,28.22,17.92,7.96,7.79,2.24,29020
36,NY,11217,22.31,17.84,15.91,11.02,18.88,14.04,19230
36,NY,11218,40.34,22.25,13.35,8.21,11.68,4.17,33120
36,NY,11219,60.13,21.11,7.87,4.16,4.75,1.98,33910
36,NY,11220,67.01,19.02,6.79,3.1,3.36,0.72,53900
36,NY,11221,44.23,29.91,14.27,5.79,4.81,0.99,39520
36,NY,11222,26.14,21.98,19.72,11.83,15.24,5.1,22570
36,NY,11223,47.37,22.76,11.42,6.78,8.12,3.54,32740
36,NY,11224,50,24.16,11.61,6.32,6.67,1.24,20240
36,NY,11225,38.46,28.76,16.57,7.71,6.76,1.73,30600
36,NY,11226,44.86,29.56,13.89,5.92,4.8,0.98,52070
36,NY,11228,41.91,20.35,12.33,8.57,12.43,4.41,19710
36,NY,11229,40.85,21.84,13.12,8.56,11.88,3.74,36350
36,NY,11230,42.83,23.47,12.68,7.16,9.41,4.45,35490
36,NY,11231,25.38,16.92,13.51,9.28,19.1,15.8,17020
36,NY,11232,48.91,24.34,12.99,6.07,6.14,1.56,12860
36,NY,11233,45.06,29.11,13.79,6,5.07,0.97,31980
36,NY,11234,33.79,22.96,15.18,10.24,14.1,3.74,42560
36,NY,11235,43.39,21.73,12.66,7.98,10.75,3.49,38700
36,NY,11236,40.17,28.3,15.11,8.14,7.53,0.75,47920
36,NY,11237,44.46,31.14,14.12,5.27,4.34,0.67,23730
36,NY,11238,25.05,21.49,18.58,10.83,15.9,8.14,30940
36,NY,11239,39.94,30.65,18.31,6.8,4.3,0,7210
36,NY,11354,58.94,18.64,9.27,5.52,6.15,1.48,30420
36,NY,11355,68.58,16.62,6.91,3.53,3.63,0.73,50960
36,NY,11356,47.33,23.59,11.87,7.27,8.4,1.53,12380
36,NY,11357,31.03,17.93,14.56,10.83,18.79,6.85,19850
36,NY,11358,42.31,20.18,12.22,8.11,13.22,3.95,18980
36,NY,11360,26.79,16.24,13.94,12.05,22.21,8.76,10040
36,NY,11361,35.53,19.89,13.85,9.91,15.79,5.03,13930
36,NY,11362,28.6,18.08,13.96,12.13,20.14,7.09,8740
36,NY,11363,28.28,16.33,13.41,10.2,18.37,13.41,3430
36,NY,11364,34.04,19.27,14.49,10.84,16.57,4.78,17800
36,NY,11365,40.48,21.52,13.27,8.99,12.9,2.84,21470
36,NY,11366,36.55,19.61,12.93,8.77,16.05,6.09,6730
36,NY,11367,42.15,21.74,13.63,8.32,10.87,3.29,18860
36,NY,11368,57.43,25.65,10.22,3.83,2.68,0.19,48530
36,NY,11369,49.19,25.68,12.92,5.96,5.63,0.61,17950
36,NY,11370,45.2,23.13,13.68,7.48,8.99,1.51,13230
36,NY,11372,45.43,23.64,13.74,7.05,8.22,1.91,35020
36,NY,11373,53.82,24.14,11.62,5.13,4.64,0.65,50870
36,NY,11374,34.76,21.14,16.42,10.79,13.67,3.23,22900
36,NY,11375,25.37,16.72,15.82,12.26,20.64,9.19,35470
36,NY,11377,46.12,24.51,13.78,7.08,7.36,1.14,45490
36,NY,11378,38.15,22.79,14.57,9.69,12.3,2.49,17640
36,NY,11379,31.27,20.23,16.11,10.99,17.3,4.11,17750
36,NY,11385,40.25,26.15,15.62,7.95,8.85,1.17,48790
36,NY,11411,33.64,26.49,16.82,10.59,11.25,1.21,10760
36,NY,11412,39.32,28.53,15.4,8.51,7.68,0.57,19280
36,NY,11413,36.48,26.53,16.49,9.49,10,1.01,21710
36,NY,11414,28.38,20.72,17.12,12.24,17.64,3.9,13320
36,NY,11415,30.4,21.1,18.51,11.69,14.89,3.41,9670
36,NY,11416,49.31,27.49,12.81,5.52,4.54,0.32,12330
36,NY,11417,42.58,26.14,14.17,7.75,8.36,1,14960
36,NY,11418,46.02,25.52,13.21,6.66,7.28,1.3,17710
36,NY,11419,50.68,27.04,11.97,5.43,4.46,0.42,23560
36,NY,11420,43.48,27.45,14.07,7.34,6.99,0.65,23020
36,NY,11421,45.4,26.14,13.88,6.84,7.04,0.69,20310
36,NY,11422,35.81,27.23,16.24,9.6,10.02,1.09,16560
36,NY,11423,41.69,27.36,13.68,7.53,7.85,1.9,15280
36,NY,11426,33.41,20.48,14.9,10.73,17.2,3.29,9130
36,NY,11427,35.16,23.78,15.23,10.27,12.49,3.08,11690
36,NY,11428,38.93,26.09,15.12,8.99,9.98,0.89,10120
36,NY,11429,40.08,28.65,14.74,8.05,7.97,0.53,13300
36,NY,11430,33.33,22.22,27.78,16.67,0,0,180
36,NY,11432,47.49,24.29,12.22,6.36,7.42,2.22,28320
36,NY,11433,48.49,27.81,12.64,5.8,4.9,0.36,16540
36,NY,11434,39.01,29.1,16.61,8.16,6.63,0.49,32580
36,NY,11435,44.86,25.71,14.26,7.55,6.94,0.68,26370
36,NY,11436,42.86,28.47,15.21,7.3,5.86,0.31,9730
36,NY,11501,26.23,18.19,15.36,11.79,21.57,6.86,10940
36,NY,11507,25.33,13.46,12.93,9.5,22.69,16.09,3790
36,NY,11509,24.22,12.5,11.72,8.59,22.66,20.31,1280
36,NY,11510,29.19,19.55,13.88,11.12,20.65,5.62,18160
36,NY,11514,25.68,19.07,15.18,11.67,21.79,6.61,2570
36,NY,11516,29.27,14.94,11.59,9.45,20.73,14.02,3280
36,NY,11518,25.54,17.14,14.46,11.43,21.79,9.64,5600
36,NY,11520,39.84,25.05,13.59,8.06,11.22,2.24,24070
36,NY,11530,23.02,10.48,9.58,7.99,21.23,27.71,14510
36,NY,11542,34.91,21.97,13.31,8.28,14.64,6.88,13520
36,NY,11545,25.42,11.63,9.97,7.48,18.6,26.91,6020
36,NY,11547,26.42,16.98,11.32,9.43,22.64,13.21,530
36,NY,11548,31.43,15.71,12.86,7.14,18.57,14.29,700
36,NY,11550,46.92,27.07,11.76,6.3,6.79,1.16,28560
36,NY,11552,30.43,20.18,13.41,10.48,19.03,6.47,12980
36,NY,11553,41.76,29.29,13.71,7.37,7.24,0.62,14510
36,NY,11554,26.93,18.75,14.18,10.98,22.51,6.66,19680
36,NY,11557,25.24,13.59,11.65,8.5,20.39,20.63,4120
36,NY,11558,30.82,19.53,14.59,9.88,19.29,5.88,4250
36,NY,11559,31.09,14.51,11.4,7.51,13.21,22.28,3860
36,NY,11560,26.43,15.62,10.81,7.51,17.42,22.22,3330
36,NY,11561,25.46,17.28,14.92,12.19,20.83,9.31,19440
36,NY,11563,26.05,17.37,14.62,11.69,23.04,7.22,11630
36,NY,11565,22.55,13.57,12.53,11.06,27.97,12.32,4790
36,NY,11566,24.4,13.62,11.16,9.57,25,16.25,18280
36,NY,11568,25.15,11.7,8.19,5.26,12.28,37.43,1710
36,NY,11569,21.84,13.79,11.49,9.2,26.44,17.24,870
36,NY,11570,25.46,13.92,12.1,8.72,20.25,19.55,14220
36,NY,11572,26.32,15.31,13.25,10.64,24.58,9.89,16070
36,NY,11575,45.33,27.55,13.72,6.59,6.37,0.44,9110
36,NY,11576,22.67,9.97,7.88,6.27,18.01,35.21,6220
36,NY,11577,23.99,12.67,11.15,8.28,19.93,23.99,5920
36,NY,11579,25,13.85,12.31,8.85,21.92,18.08,2600
36,NY,11580,30.41,21.13,15.66,11.54,17.96,3.3,22100
36,NY,11581,27.24,17.82,13.76,10.8,22.07,8.31,10830
36,NY,11590,36.11,22.57,12.79,8.41,14.84,5.29,25340
36,NY,11596,24.73,13.74,12.27,10.26,24.36,14.65,5460
36,NY,11598,24.79,11.28,9.91,8.03,20.68,25.3,5850
36,NY,11691,48.83,26.63,12.16,5.57,5.53,1.28,22610
36,NY,11692,46.92,26.77,12.76,6.49,6.15,0.91,8780
36,NY,11693,39.62,22.84,15.22,9.52,11.25,1.56,5780
36,NY,11694,30.18,18.36,13.96,10.14,19.37,8,8880
36,NY,11697,23.53,14.03,12.67,12.22,26.7,10.86,2210
36,NY,11701,36.98,25.5,14.49,8.2,11.69,3.14,14630
36,NY,11702,24.84,15.88,12.55,10.76,24.33,11.65,7810
36,NY,11703,27.47,21.61,15.74,12.92,18.89,3.37,9210
36,NY,11704,30.56,23.07,15.86,11.2,16.82,2.5,20810
36,NY,11705,27.05,13.9,11.66,10.42,24.57,12.41,4030
36,NY,11706,36.96,26.38,13.85,8.47,11.65,2.69,32710
36,NY,11709,27.97,14.97,12.43,10.45,22.6,11.58,3540
36,NY,11710,26.03,15.72,12.54,10.54,24.41,10.76,17940
36,NY,11713,35.49,22.37,14.97,9.8,13.49,3.88,5410
36,NY,11714,28.28,18.31,13.94,11.26,22.12,6.08,12340
36,NY,11715,25.82,13.93,13.11,9.84,26.64,10.66,2440
36,NY,11716,28.05,18.76,14.03,11.66,21.31,6.19,5490
36,NY,11717,44.84,31.98,12.8,5.52,4.52,0.34,32270
36,NY,11718,22.47,12.92,10.67,9.55,24.72,19.66,1780
36,NY,11719,25,18.75,14.38,10.63,23.13,8.13,1600
36,NY,11720,29.67,20.05,14.08,10.85,20.74,4.6,14560
36,NY,11721,23.35,12.87,11.08,9.88,23.05,19.76,3340
36,NY,11722,41.13,29.59,13.59,7.37,7.58,0.74,18990
36,NY,11724,24.39,9.76,10.37,5.49,15.24,34.76,1640
36,NY,11725,26.37,14.67,11.36,10.07,25.35,12.17,14790
36,NY,11726,41.52,27.11,13.06,7.98,8.88,1.45,11030
36,NY,11727,29.01,23.71,15.76,11.21,17.93,2.38,14720
36,NY,11729,31.11,22.3,15.09,11.01,17.22,3.27,14980
36,NY,11730,26.83,17.26,12.88,10.23,23.77,9.03,7530
36,NY,11731,27.18,15.38,12.19,9.91,24.32,11.02,15340
36,NY,11732,22.34,14.89,12.23,9.04,24.47,17.02,1880
36,NY,11733,24.37,13.1,9.91,8.43,24.03,20.16,8780
36,NY,11735,28.66,18.82,15.26,11.02,20.24,5.99,17690
36,NY,11738,30.56,20.1,14.15,10.7,20.69,3.8,8410
36,NY,11739,24.68,11.69,9.09,10.39,20.78,23.38,770
36,NY,11740,27.61,14.57,11.09,9.57,22.83,14.35,4600
36,NY,11741,26.92,17.85,15.16,11.21,23.53,5.33,14450
36,NY,11742,27.88,18.98,14.6,11.68,21.31,5.55,6850
36,NY,11743,25.56,14.94,11.48,8.78,21.2,18.05,22220
36,NY,11746,32.66,18.22,11.89,8.44,17.36,11.44,33650
36,NY,11747,24.18,13.5,11.41,8.76,22.54,19.62,10960
36,NY,11749,30.94,25.41,16.02,9.94,14.92,2.76,1810
36,NY,11751,27.8,19.31,14.03,10.94,20.46,7.46,7770
36,NY,11752,29.61,20.48,14.15,10.61,21.23,3.91,5370
36,NY,11753,23.6,11.34,9.78,7.61,21.27,26.4,6440
36,NY,11754,26.96,16.74,12.29,10.33,24.07,9.61,9680
36,NY,11755,28.66,16.88,13.85,11.15,22.29,7.17,6280
36,NY,11756,27.61,19.21,14.98,11.76,22.21,4.22,22960
36,NY,11757,31.31,22.01,15.21,10.62,18.01,2.85,23540
36,NY,11758,26.19,16.32,13.4,10.32,23.31,10.46,29170
36,NY,11762,24.64,14.09,12.74,10.04,27.59,10.89,11850
36,NY,11763,31.54,22.11,14.33,11.02,17.7,3.31,14520
36,NY,11764,26.57,13.99,10.85,9.75,26.57,12.26,6360
36,NY,11765,18.18,15.15,9.09,9.09,15.15,33.33,330
36,NY,11766,25.36,14.05,11.63,9.69,25.69,13.57,6190
36,NY,11767,26.62,15.59,11.86,9.66,25.24,11.03,7250
36,NY,11768,25.07,12.4,10.87,8.54,23.63,19.5,11130
36,NY,11769,25.59,16.14,12.99,11.61,25.59,8.07,5080
36,NY,11770,37.5,12.5,18.75,0,31.25,0,160
36,NY,11771,26.41,15.53,12.04,7.96,17.67,20.39,5150
36,NY,11772,32.11,23.33,14.78,10.57,16.18,3.03,22800
36,NY,11776,31.76,20.24,13.39,10.29,20.08,4.24,12250
36,NY,11777,25.96,14.89,11.28,9.57,23.4,14.89,4700
36,NY,11778,27.95,19.55,14.05,11.63,22.62,4.2,6190
36,NY,11779,28.94,20.72,15.19,11.47,20.1,3.57,19350
36,NY,11780,27.74,14.12,11.7,8.78,21.37,16.28,7860
36,NY,11782,25.62,15.89,12.93,10.1,24.51,10.96,8120
36,NY,11783,24.6,15.28,13.32,10.66,26.2,9.95,11260
36,NY,11784,31.88,22.17,15.05,10.92,17.8,2.18,12360
36,NY,11786,27.62,13.97,9.52,8.25,26.67,13.97,3150
36,NY,11787,25.84,14.03,11.47,10.04,26.13,12.49,17530
36,NY,11788,26.44,16.05,13.05,10.05,24.71,9.7,8660
36,NY,11789,28.15,19.3,15.55,12.6,20.64,3.75,3730
36,NY,11790,26.56,13.8,10.09,9.05,25.52,14.99,6740
36,NY,11791,23.79,11.93,9.79,7.9,21.73,24.86,12150
36,NY,11792,24.77,14.95,11.92,10.51,26.4,11.45,4280
36,NY,11793,24.73,14.59,12.16,10.56,26.87,11.09,16860
36,NY,11795,26.29,16.36,13.03,10.38,24.09,9.85,13200
36,NY,11796,25.53,16.49,11.17,12.23,27.13,7.45,1880
36,NY,11797,25.16,11.28,9.76,7.16,17.14,29.5,4610
36,NY,11798,43.21,28.69,12.89,5.81,8.25,1.16,8610
36,NY,11801,32.23,20.64,14.14,10.23,18.91,3.86,22000
36,NY,11803,23.47,12.3,11.31,9.14,26.07,17.71,14230
36,NY,11804,22.71,11.95,11.95,9.16,24.7,19.52,2510
36,NY,11901,39.06,26.32,13.58,8.06,10.51,2.46,13030
36,NY,11930,32.23,18.18,13.22,8.26,15.7,12.4,1210
36,NY,11931,28.32,21.24,13.27,10.62,20.35,6.19,1130
36,NY,11932,27.45,17.65,13.73,8.82,15.69,16.67,1020
36,NY,11933,31.36,20.9,12.99,10.73,18.36,5.65,3540
36,NY,11934,28.18,17.96,11.72,10.47,24.19,7.48,4010
36,NY,11935,28.72,16.92,12.82,9.74,20.51,11.28,1950
36,NY,11937,34.72,20.52,12.06,7.44,14.43,10.82,8870
36,NY,11939,26.42,20.75,15.09,11.32,16.98,9.43,530
36,NY,11940,28.16,18.05,12.27,10.47,22.38,8.66,2770
36,NY,11941,26.43,16.43,12.86,10,25.71,8.57,1400
36,NY,11942,31.8,18.01,12.26,9.2,18.77,9.96,2610
36,NY,11944,35.32,23.83,11.49,8.94,13.62,6.81,2350
36,NY,11946,34.57,22.34,14.23,8.78,14.63,5.45,7520
36,NY,11947,26.15,21.54,12.31,10.77,20,9.23,650
36,NY,11948,30.43,17.39,13.04,10.14,20.29,8.7,690
36,NY,11949,29.88,16.87,12.45,9.41,22.54,8.85,7230
36,NY,11950,38.35,25.13,14.01,8.9,12.43,1.18,7640
36,NY,11951,37.8,24.88,15.79,9.09,11.48,0.96,6270
36,NY,11952,30.89,17.37,13.51,9.65,19.69,8.88,2590
36,NY,11953,29.76,22.96,16.31,11.33,16.92,2.72,6620
36,NY,11954,33.96,25.75,13.06,7.84,11.94,7.46,2680
36,NY,11955,29.48,23.12,15.03,11.56,16.18,4.62,1730
36,NY,11956,30,15,15,10,20,10,200
36,NY,11957,24.44,17.78,11.11,8.89,22.22,15.56,450
36,NY,11958,34,22,12,8,14,10,500
36,NY,11959,26.39,13.89,9.72,9.72,18.06,22.22,720
36,NY,11960,24.68,12.99,11.69,7.79,19.48,23.38,770
36,NY,11961,30.01,21.5,16.16,11.26,18.04,3.03,6930
36,NY,11962,20,17.14,11.43,5.71,20,25.71,350
36,NY,11963,29.06,18.97,13.3,8.37,17.24,13.05,4060
36,NY,11964,29.35,17.39,13.04,10.87,18.48,10.87,920
36,NY,11965,27.78,18.52,9.26,9.26,22.22,12.96,540
36,NY,11967,34.14,23.79,15.24,10.19,15.09,1.56,12860
36,NY,11968,32.63,19.47,12.21,7.82,15.65,12.21,5240
36,NY,11970,27.27,13.64,18.18,13.64,27.27,0,220
36,NY,11971,28.29,18.09,12.83,9.54,21.71,9.54,3040
36,NY,11972,32.69,21.15,13.46,9.62,17.31,5.77,520
36,NY,11973,0,25,0,25,50,0,120
36,NY,11975,26.92,19.23,13.46,9.62,17.31,13.46,520
36,NY,11976,27.93,18.92,10.81,6.31,15.32,20.72,1110
36,NY,11977,32.09,14.18,11.94,8.21,20.15,13.43,1340
36,NY,11978,34.9,18.23,11.98,7.81,16.15,10.94,1920
36,NY,11980,25.4,19.35,16.13,13.71,21.37,4.03,2480
36,NY,12008,25,16.67,16.67,12.5,29.17,0,240
36,NY,12009,24.74,19.74,14.74,11.84,22.89,6.05,3800
36,NY,12010,40.02,26.37,13.87,8.84,9.22,1.68,13120
36,NY,12015,29.52,20.48,15.66,12.05,18.07,4.22,1660
36,NY,12017,31.25,25,12.5,12.5,18.75,0,160
36,NY,12018,26.93,19.7,15.71,11.97,20.95,4.74,4010
36,NY,12019,23.5,17,14.5,12.88,25.88,6.25,8000
36,NY,12020,29.11,21.55,15.31,11.28,18.91,3.84,16660
36,NY,12022,30,27.5,17.5,15,10,0,400
36,NY,12023,29.29,22.22,18.18,11.11,19.19,0,990
36,NY,12025,32.6,25.64,15.02,11.36,13.55,1.83,2730
36,NY,12027,25.6,15.94,12.56,12.56,26.57,6.76,2070
36,NY,12028,32.76,24.14,17.24,12.07,13.79,0,580
36,NY,12029,30,20,18,12,14,6,500
36,NY,12031,36.36,36.36,27.27,0,0,0,110
36,NY,12032,35.42,25,16.67,10.42,12.5,0,480
36,NY,12033,26.88,21.31,15.25,11.86,20.82,3.87,4130
36,NY,12035,35.71,28.57,16.67,9.52,9.52,0,420
36,NY,12037,35.91,24.86,14.36,9.39,12.15,3.31,1810
36,NY,12041,26.92,19.23,19.23,11.54,23.08,0,260
36,NY,12042,31.82,22.73,18.18,13.64,13.64,0,220
36,NY,12043,37.46,24.15,14.86,9.91,11.46,2.17,3230
36,NY,12045,33.33,29.63,11.11,11.11,14.81,0,270
36,NY,12046,28.13,21.88,15.63,12.5,21.88,0,320
36,NY,12047,32.96,26.97,15.45,9.18,12.45,3,10680
36,NY,12051,33.15,24.31,16.57,9.39,13.81,2.76,1810
36,NY,12052,26.32,22.37,18.42,14.47,18.42,0,760
36,NY,12053,26.98,20,15.81,13.02,20.47,3.72,2150
36,NY,12054,23.97,14.98,13.65,12.1,25.42,9.88,9010
36,NY,12056,27.12,21.19,14.41,12.71,21.19,3.39,1180
36,NY,12057,34.21,25,17.11,11.84,11.84,0,760
36,NY,12058,33.85,24.62,15.38,12.31,13.85,0,650
36,NY,12059,27.5,21.25,18.75,12.5,20,0,800
36,NY,12060,28.57,20,17.14,12.86,15.71,5.71,700
36,NY,12061,24.14,19.32,16.9,11.47,22.13,6.04,4970
36,NY,12062,26.44,27.59,18.39,10.34,17.24,0,870
36,NY,12063,30,20,13.33,10,26.67,0,300
36,NY,12064,39.13,30.43,17.39,13.04,0,0,230
36,NY,12065,25.77,19.36,15.08,11.18,22.15,6.45,22620
36,NY,12066,27.08,25,19.79,12.5,15.63,0,960
36,NY,12067,26.92,19.23,19.23,12.82,19.23,2.56,780
36,NY,12068,33.58,28.47,16.79,10.22,10.95,0,1370
36,NY,12069,27.27,36.36,36.36,0,0,0,110
36,NY,12070,27.69,24.62,18.46,12.31,12.31,4.62,650
36,NY,12071,41.67,25,16.67,16.67,0,0,120
36,NY,12072,31.15,27.87,14.75,12.3,13.93,0,1220
36,NY,12074,27.56,25,14.1,13.46,17.95,1.92,1560
36,NY,12075,31.79,22.52,13.91,10.6,17.22,3.97,1510
36,NY,12076,35.09,22.81,15.79,12.28,14.04,0,570
36,NY,12077,24.46,15.9,14.68,9.79,25.69,9.48,3270
36,NY,12078,42.67,28.01,13.65,7.68,7.18,0.81,9890
36,NY,12083,31.75,22.22,18.52,10.58,15.87,1.06,1890
36,NY,12084,20.17,21.89,20.6,14.59,18.88,3.86,2330
36,NY,12085,36.84,36.84,15.79,10.53,0,0,190
36,NY,12086,28.42,27.37,16.84,12.63,14.74,0,950
36,NY,12087,31.15,22.95,16.39,13.11,16.39,0,610
36,NY,12090,35.06,26.57,16.61,9.59,11.07,1.11,2710
36,NY,12092,33.93,28.57,16.07,10.71,10.71,0,560
36,NY,12093,39.71,25,14.71,8.82,11.76,0,680
36,NY,12094,28.83,25.23,17.12,11.71,17.12,0,1110
36,NY,12095,36.3,29,14.95,8.9,9.96,0.89,5620
36,NY,12106,29.32,19.55,15.79,11.28,18.05,6.02,1330
36,NY,12108,31.82,31.82,13.64,9.09,13.64,0,220
36,NY,12110,26.02,21.93,17.15,11.79,18.81,4.29,10260
36,NY,12116,36.59,28.05,15.85,9.76,9.76,0,820
36,NY,12117,33.55,29.68,14.84,9.68,10.32,1.94,1550
36,NY,12118,29.2,22.88,15.42,10.24,18.2,4.05,7910
36,NY,12120,31.03,20.69,17.24,13.79,17.24,0,290
36,NY,12121,30.3,21.21,16.16,12.12,17.17,3.03,990
36,NY,12122,37.04,26.98,15.87,9.52,10.58,0,1890
36,NY,12123,29.06,23.77,17.36,11.32,15.47,3.02,2650
36,NY,12124,28.57,21.43,17.86,10.71,21.43,0,280
36,NY,12125,37.33,28,14.67,8,8,4,750
36,NY,12130,29.41,25.49,17.65,13.73,13.73,0,510
36,NY,12131,45.45,36.36,0,18.18,0,0,110
36,NY,12132,31.58,21.05,21.05,0,26.32,0,190
36,NY,12134,34.81,26.52,14.36,9.39,12.71,2.21,1810
36,NY,12136,25,20.45,15.91,11.36,18.18,9.09,440
36,NY,12137,26.14,26.14,15.91,13.64,18.18,0,880
36,NY,12138,31.47,25.17,16.78,11.89,12.59,2.1,1430
36,NY,12139,30.77,23.08,23.08,0,23.08,0,130
36,NY,12140,24.44,23.33,14.44,13.33,21.11,3.33,900
36,NY,12143,32.03,25.39,16.02,11.33,14.06,1.17,2560
36,NY,12144,29,26.1,17.49,11.32,14.03,2.06,10690
36,NY,12147,25,17.86,21.43,17.86,17.86,0,280
36,NY,12148,24.29,13.77,11.34,11.74,27.94,10.93,2470
36,NY,12149,38.61,26.73,13.86,8.91,11.88,0,1010
36,NY,12150,31.11,24.44,17.78,11.11,15.56,0,450
36,NY,12151,22.73,22.73,18.18,13.64,22.73,0,440
36,NY,12153,25,20.83,16.67,12.5,25,0,480
36,NY,12154,27.59,23.45,15.17,12.41,18.62,2.76,1450
36,NY,12155,38.16,27.63,15.79,10.53,7.89,0,760
36,NY,12156,20.93,25.58,18.6,13.95,20.93,0,430
36,NY,12157,32.28,23.28,16.4,11.64,14.29,2.12,1890
36,NY,12158,27.19,20.94,16.25,12.5,18.75,4.38,3200
36,NY,12159,24.49,12.93,12.7,9.07,24.04,16.78,4410
36,NY,12160,34.09,20.45,18.18,11.36,15.91,0,440
36,NY,12164,37.93,24.14,13.79,10.34,13.79,0,290
36,NY,12165,27.27,18.18,13.64,13.64,18.18,9.09,220
36,NY,12166,32.81,31.25,15.63,9.38,10.94,0,640
36,NY,12167,40.54,26.13,14.41,9.01,9.91,0,1110
36,NY,12168,36.84,24.21,14.74,9.47,14.74,0,950
36,NY,12169,33.33,27.78,11.11,11.11,16.67,0,180
36,NY,12170,31.91,22.96,14.79,12.06,15.56,2.72,2570
36,NY,12172,41.38,31.03,13.79,13.79,0,0,290
36,NY,12173,33.75,23.75,17.5,12.5,12.5,0,800
36,NY,12174,33.33,22.22,16.67,11.11,16.67,0,180
36,NY,12175,34.29,22.86,17.14,14.29,11.43,0,350
36,NY,12176,36.36,18.18,18.18,27.27,0,0,110
36,NY,12177,25.71,28.57,17.14,11.43,17.14,0,350
36,NY,12180,36.65,27.16,15.04,8.47,10.85,1.82,23600
36,NY,12182,37.53,28.67,14.13,8.73,9.97,0.97,7220
36,NY,12183,34.78,33.33,17.39,7.97,6.52,0,1380
36,NY,12184,31.14,20.36,14.67,10.78,17.96,5.09,3340
36,NY,12185,30.3,24.24,16.16,9.09,17.17,3.03,990
36,NY,12186,22.87,18.18,14.37,12.02,24.63,7.92,3410
36,NY,12187,36.84,28.95,13.16,7.89,13.16,0,380
36,NY,12188,28.04,25,16.39,11.66,15.71,3.21,5920
36,NY,12189,33.69,30.79,15.13,7.83,10.3,2.25,9320
36,NY,12190,33.33,25,19.44,11.11,11.11,0,360
36,NY,12192,35.14,24.32,14.86,12.16,13.51,0,740
36,NY,12193,26.21,25.24,18.45,11.65,18.45,0,1030
36,NY,12194,36.36,36.36,0,27.27,0,0,110
36,NY,12196,27.5,19.38,14.38,11.25,21.88,5.63,1600
36,NY,12197,37.5,26.04,13.54,11.46,11.46,0,960
36,NY,12198,28.15,20.25,17.04,11.85,18.27,4.44,4050
36,NY,12202,55.5,30.73,8.49,2.75,2.52,0,4360
36,NY,12203,28.93,24.67,17.11,10.65,14.83,3.82,13620
36,NY,12204,30.65,29.9,16.33,8.79,10.05,4.27,3980
36,NY,12205,29.24,26.33,17.96,11.48,13.57,1.42,14810
36,NY,12206,53.55,28.22,9.41,3.91,4.34,0.58,6910
36,NY,12207,45.78,28.92,12.05,6.02,7.23,0,830
36,NY,12208,31.52,26.16,16.45,9.71,13.18,2.97,10090
36,NY,12209,35.12,31.09,16.51,8.45,7.87,0.96,5210
36,NY,12210,43.76,31.49,13.09,5.11,5.11,1.43,4890
36,NY,12211,24.09,15.84,13.37,11.39,21.78,13.53,6060
36,NY,12302,27.11,21.21,16.43,12.85,19.45,2.95,14240
36,NY,12303,34.37,23.76,14.13,9.62,15,3.12,15070
36,NY,12304,40.58,28.64,14.17,7.67,8.16,0.78,10300
36,NY,12305,45,31,12.5,5.5,6,0,2000
36,NY,12306,31.28,26.94,15.93,10.57,13.61,1.67,13810
36,NY,12307,66.33,25.85,5.78,1.36,0.68,0,2940
36,NY,12308,43.76,29.23,12.8,6.64,6.32,1.26,6330
36,NY,12309,23.64,16.7,14.28,11.66,24.95,8.78,15270
36,NY,12401,39.33,25.99,13.52,8.56,10.4,2.2,16350
36,NY,12404,33.33,23.64,15.15,8.48,14.55,4.85,1650
36,NY,12405,39.39,27.27,12.12,12.12,9.09,0,330
36,NY,12406,46.43,25,17.86,0,10.71,0,280
36,NY,12407,46.15,23.08,30.77,0,0,0,130
36,NY,12409,34,18,14,10,14,10,500
36,NY,12410,37.5,18.75,25,0,18.75,0,160
36,NY,12411,34.62,23.08,15.38,15.38,11.54,0,260
36,NY,12412,36.36,21.21,15.15,9.09,18.18,0,330
36,NY,12413,39.44,28.17,14.79,8.45,9.15,0,1420
36,NY,12414,38.03,25.64,14.96,8.76,10.68,1.92,4680
36,NY,12416,45.45,27.27,27.27,0,0,0,110
36,NY,12417,40,36,12,12,0,0,250
36,NY,12418,37.5,25,16.67,8.33,12.5,0,240
36,NY,12419,28.13,21.88,15.63,12.5,21.88,0,320
36,NY,12420,33.33,16.67,16.67,16.67,16.67,0,120
36,NY,12421,33.33,22.22,27.78,0,16.67,0,180
36,NY,12422,38.46,15.38,15.38,30.77,0,0,130
36,NY,12423,40.43,23.4,14.89,8.51,12.77,0,470
36,NY,12424,40,40,0,20,0,0,100
36,NY,12427,47.37,21.05,15.79,15.79,0,0,190
36,NY,12428,43.41,24.42,13.18,8.53,8.91,1.55,2580
36,NY,12429,41.67,25,20.83,0,12.5,0,240
36,NY,12430,40.91,22.73,15.91,9.09,11.36,0,440
36,NY,12431,31.43,25.71,17.14,11.43,14.29,0,700
36,NY,12432,34.29,28.57,14.29,8.57,14.29,0,350
36,NY,12433,30,20,15,10,25,0,200
36,NY,12434,40.63,31.25,15.63,12.5,0,0,320
36,NY,12435,29.41,23.53,29.41,0,17.65,0,170
36,NY,12436,37.5,25,16.67,8.33,12.5,0,240
36,NY,12439,42.11,21.05,21.05,0,15.79,0,190
36,NY,12440,31.68,22.77,14.85,9.9,16.83,3.96,1010
36,NY,12442,43.75,20.83,12.5,10.42,12.5,0,480
36,NY,12443,27.09,18.72,16.75,12.32,19.7,5.42,2030
36,NY,12444,31.25,25,25,0,18.75,0,160
36,NY,12446,36.41,23.5,15.21,10.14,13.36,1.38,2170
36,NY,12448,27.27,27.27,27.27,0,18.18,0,110
36,NY,12449,34.81,26.58,15.19,10.13,12.03,1.27,1580
36,NY,12451,33.73,26.51,16.87,9.64,13.25,0,830
36,NY,12452,36.36,36.36,0,27.27,0,0,110
36,NY,12453,38.89,27.78,22.22,0,11.11,0,180
36,NY,12454,38.46,38.46,0,23.08,0,0,130
36,NY,12455,36.84,25,17.11,10.53,10.53,0,760
36,NY,12456,34.15,31.71,17.07,9.76,7.32,0,410
36,NY,12457,41.38,17.24,10.34,10.34,13.79,6.9,290
36,NY,12458,37.04,27.78,15.74,8.33,11.11,0,1080
36,NY,12459,45.45,18.18,36.36,0,0,0,110
36,NY,12460,40,20,26.67,0,13.33,0,150
36,NY,12461,31.25,26.25,13.75,11.25,13.75,3.75,800
36,NY,12463,32,25.33,16,12,14.67,0,750
36,NY,12464,39.02,21.95,14.63,12.2,12.2,0,410
36,NY,12465,45.45,27.27,27.27,0,0,0,110
36,NY,12466,31.06,25.47,16.77,10.56,14.29,1.86,1610
36,NY,12468,44.9,22.45,14.29,8.16,10.2,0,490
36,NY,12469,31.25,25,18.75,9.38,15.63,0,320
36,NY,12470,38.1,28.57,9.52,9.52,14.29,0,210
36,NY,12471,44.83,20.69,17.24,6.9,10.34,0,290
36,NY,12472,38.1,23.81,15.48,9.52,13.1,0,840
36,NY,12473,35.56,26.67,13.33,11.11,13.33,0,450
36,NY,12474,37.04,24.07,14.81,7.41,12.96,3.7,540
36,NY,12475,35,30,20,0,15,0,200
36,NY,12477,35.63,24.43,14.14,9.95,13.46,2.38,8840
36,NY,12480,44,20,12,8,16,0,250
36,NY,12481,32.35,22.06,14.71,11.76,14.71,4.41,680
36,NY,12482,37.5,31.25,15.63,9.38,6.25,0,320
36,NY,12483,40,13.33,26.67,0,20,0,150
36,NY,12484,30.99,19.72,14.08,11.97,16.9,6.34,1420
36,NY,12485,42.55,23.4,14.89,8.51,10.64,0,470
36,NY,12486,28.21,20.51,17.95,14.1,19.23,0,780
36,NY,12487,34.75,21.28,14.89,11.35,14.89,2.84,1410
36,NY,12489,38.89,27.78,16.67,16.67,0,0,180
36,NY,12490,25,25,25,0,25,0,120
36,NY,12491,34.65,20.79,14.85,10.89,14.85,3.96,1010
36,NY,12492,50,0,30,0,20,0,100
36,NY,12493,31.58,21.05,15.79,10.53,21.05,0,190
36,NY,12494,32.35,23.53,17.65,11.76,14.71,0,340
36,NY,12495,30.77,30.77,0,15.38,23.08,0,130
36,NY,12496,40.3,22.39,13.43,8.96,11.94,2.99,670
36,NY,12498,33.61,17.65,13.87,9.66,16.39,8.82,2380
36,NY,12501,31.37,26.47,16.67,9.8,11.76,3.92,1020
36,NY,12502,29.79,25.53,19.15,6.38,14.89,4.26,470
36,NY,12503,32.14,25,10.71,10.71,21.43,0,280
36,NY,12508,31.45,23.5,15.9,10.48,16.13,2.53,8680
36,NY,12512,33.33,41.67,0,25,0,0,120
36,NY,12513,25.86,22.41,17.24,12.07,17.24,5.17,580
36,NY,12514,27.41,17.04,12.59,11.85,23.7,7.41,1350
36,NY,12515,36.47,25.88,12.94,9.41,12.94,2.35,850
36,NY,12516,32.89,25,14.47,11.84,11.84,3.95,760
36,NY,12517,35,30,15,0,20,0,200
36,NY,12518,29.1,18.06,13.71,11.04,20.4,7.69,2990
36,NY,12520,24.4,16.07,14.88,10.71,25.6,8.33,1680
36,NY,12521,32.43,24.32,13.51,9.46,14.86,5.41,740
36,NY,12522,32.74,26.11,15.93,10.18,12.83,2.21,2260
36,NY,12523,32.58,25.84,16.85,10.11,14.61,0,890
36,NY,12524,26.06,17.96,16.33,12.34,21.57,5.74,8020
36,NY,12525,28.81,21.47,16.38,10.73,17.51,5.08,1770
36,NY,12526,30.17,24.58,15.08,10.61,15.08,4.47,1790
36,NY,12527,25,25,17.86,14.29,17.86,0,280
36,NY,12528,31.1,21.28,15.33,11.9,16.67,3.72,6720
36,NY,12529,34.78,25.22,13.04,8.7,13.04,5.22,1150
36,NY,12531,27.39,17.83,12.74,12.1,21.66,8.28,1570
36,NY,12533,26.67,15.81,12.2,10.78,24.63,9.91,12710
36,NY,12534,39.53,27.14,13.57,8.04,9.22,2.5,7590
36,NY,12538,31.69,22.57,15.25,10.46,17.49,2.54,6690
36,NY,12540,27.22,15.36,12.13,10.51,23.72,11.05,3710
36,NY,12542,29.53,22.82,13.76,11.74,17.79,4.36,2980
36,NY,12543,33.13,26.88,15,12.5,12.5,0,1600
36,NY,12545,28.05,22.17,12.67,10.41,17.19,9.5,2210
36,NY,12546,34.31,27.01,14.6,8.76,11.68,3.65,1370
36,NY,12547,32.45,20.53,15.23,10.6,16.56,4.64,1510
36,NY,12548,31.65,20.25,16.46,11.39,17.72,2.53,790
36,NY,12549,29.47,18.66,13.75,11.59,21.22,5.3,5090
36,NY,12550,39.8,24.75,12.43,8.21,12.16,2.66,25580
36,NY,12553,30.9,23.24,15.11,10.43,16.79,3.53,13040
36,NY,12561,32.87,19.56,13.45,10.12,18.45,5.55,7210
36,NY,12563,33.43,16.29,14.04,10.39,19.1,6.74,3560
36,NY,12564,28.21,18.8,13.68,10.26,21.65,7.41,3510
36,NY,12565,40,30.67,13.33,8,8,0,750
36,NY,12566,31.84,21.09,15.04,11.13,18.16,2.73,5120
36,NY,12567,32.06,25.19,15.27,9.92,12.98,4.58,1310
36,NY,12569,28.99,20.82,14.59,11.09,19.07,5.45,5140
36,NY,12570,26.88,15.03,12.14,10.98,26.3,8.67,3460
36,NY,12571,30.89,19.65,14.04,10.37,19.01,6.05,4630
36,NY,12572,27.6,18.1,14.71,11.09,19.46,9.05,4420
36,NY,12574,29.41,17.65,23.53,0,29.41,0,170
36,NY,12575,26.96,17.39,11.3,9.57,27.83,6.96,1150
36,NY,12577,28.71,14.85,12.87,12.87,23.76,6.93,1010
36,NY,12578,29.2,16.81,14.16,9.73,23.89,6.19,1130
36,NY,12580,29.19,20,13.51,12.43,18.92,5.95,1850
36,NY,12581,27.72,22.77,15.84,9.9,17.82,5.94,1010
36,NY,12582,24.78,15.65,13.04,11.3,26.52,8.7,2300
36,NY,12583,32.71,24.3,14.02,10.28,14.95,3.74,1070
36,NY,12585,27.27,18.18,13.64,9.09,25,6.82,440
36,NY,12586,33.39,22.42,14.52,9.84,17.1,2.74,6200
36,NY,12589,33.97,20.15,13.97,10.88,17.65,3.38,6800
36,NY,12590,29.27,20.41,14.85,11.83,19.44,4.21,18520
36,NY,12592,30.91,25.45,18.18,9.09,16.36,0,550
36,NY,12594,33.67,22.45,14.29,10.71,16.33,2.55,1960
36,NY,12601,41.71,26.36,12.51,7.51,10.01,1.89,17980
36,NY,12603,29.35,19.91,14.63,11.15,19.96,5,20990
36,NY,12701,47.49,27.23,11.33,6.1,6.32,1.53,4590
36,NY,12719,34.09,20.45,18.18,11.36,15.91,0,440
36,NY,12720,27.27,18.18,27.27,27.27,0,0,110
36,NY,12721,32.89,23.15,14.09,10.74,16.44,2.68,2980
36,NY,12722,41.18,23.53,17.65,17.65,0,0,170
36,NY,12723,36.62,23.94,14.08,9.86,12.68,2.82,710
36,NY,12724,33.33,26.67,26.67,0,13.33,0,150
36,NY,12725,35.71,28.57,14.29,21.43,0,0,140
36,NY,12726,34,22,16,12,16,0,500
36,NY,12729,37.5,25,15,11.25,11.25,0,800
36,NY,12732,33.33,19.44,13.89,11.11,22.22,0,360
36,NY,12733,50,30.77,7.69,11.54,0,0,260
36,NY,12734,36.36,34.55,12.73,7.27,9.09,0,550
